#reference_name	reference_start	reference_end	reference_length	strand	query_name	query_start	query_end	query_length	perID_by_matches	perID_by_events	perID_by_all	matches	mismatches	deletion_events	insertion_events	deletions	insertions
chr22	19198585	19529050	51324926	+	ptg000001l-	11672884	12003370	14214707	99.84952	99.82262	99.72723	329776	497	38	51	192	213
chr22	19530419	20453595	51324926	+	ptg000001l-	12003370	12926478	14214707	99.94733	99.93151	99.843445	922176	486	56	90	514	446
chr22	20454130	20724456	51324926	+	ptg000001l-	12926478	13196644	14214707	99.87246	99.83729	99.47928	269369	344	50	45	613	453
chr22	20742402	21736564	51324926	+	ptg000001l-	13196644	14192332	14214707	99.85816	99.823296	99.55392	991998	1409	165	182	755	2281
chr22	21736564	21758305	51324926	+	ptg000001l-	14192833	14214688	14214707	99.53306	99.30808	98.01056	21529	101	22	27	111	225
chr22	17044438	17223708	51324926	+	ptg000001l-	9624012	9803232	14214707	99.724014	99.68726	99.44845	178503	494	36	30	273	223
chr22	17223708	18099772	51324926	+	ptg000001l-	9804426	10680901	14214707	99.84889	99.80817	99.53137	873552	1322	178	179	1190	1601
chr22	18099772	18192297	51324926	+	ptg000001l-	10682421	10774988	14214707	99.81619	99.77088	99.689	92317	170	13	29	38	80
chr22	18192297	18245432	51324926	+	ptg000001l-	10775645	10829165	14214707	99.89644	99.849434	99.08116	53054	55	12	13	26	411
chr22	18245432	18545141	51324926	+	ptg000001l-	10831872	11131286	14214707	99.96492	99.946556	99.815865	299233	105	16	39	371	76
chr22	18545645	19066833	51324926	+	ptg000001l-	11131286	11651251	14214707	99.71349	99.65688	99.24626	517866	1488	137	158	1834	611
chr22	19102194	19102259	51324926	+	ptg000001l-	11651251	11651312	14214707	95.08197	93.548386	89.23077	58	3	1	0	4	0
chr22	19107445	19107615	51324926	+	ptg000001l-	11651312	11651436	14214707	89.256195	85.03937	62.427746	108	13	4	2	49	3
chr22	10882833	10884709	51324926	+	ptg000001l-	2971155	2973351	14214707	96.900055	96.12937	82.37165	1813	58	1	14	5	325
chr22	10884709	10885178	51324926	+	ptg000001l-	2973890	2974359	14214707	94.61207	94.20601	92.616035	439	25	1	1	5	5
chr22	10886083	10887898	51324926	+	ptg000001l-	2974359	2975578	14214707	94.417076	93.41998	63.325993	1150	68	12	1	597	1
chr22	10888633	10891138	51324926	+	ptg000001l-	2975578	2977467	14214707	91.03522	90.1215	67.69841	1706	168	16	3	631	15
chr22	10892048	10893068	51324926	+	ptg000001l-	2977467	2978072	14214707	99.338844	99.17492	58.92157	601	4	1	0	415	0
chr22	10894278	10904777	51324926	+	ptg000001l-	2978072	2988086	14214707	97.64084	97.27485	89.91479	9602	232	18	19	665	180
chr22	10906677	10911078	51324926	+	ptg000001l-	2988086	2992782	14214707	99.17165	98.898575	90.71774	4310	36	7	5	55	350
chr22	10912178	10939785	51324926	+	ptg000001l-	2992782	3021014	14214707	99.927216	99.77107	96.80911	27457	20	18	25	130	755
chr22	10939785	10967263	51324926	+	ptg000001l-	3023044	3050527	14214707	99.91601	99.79938	99.20952	27360	23	15	17	95	100
chr22	10967263	10993020	51324926	+	ptg000001l-	3055027	3080788	14214707	99.930115	99.92624	99.9146	25739	18	0	1	0	4
chr22	10993020	11592745	51324926	+	ptg000001l-	3095523	3695330	14214707	99.92304	99.89469	99.679436	598573	461	65	105	691	773
chr22	11598196	11602846	51324926	+	ptg000001l-	3695330	3699966	14214707	99.63283	99.54683	99.07646	4613	17	2	2	20	6
chr22	11603388	11705131	51324926	+	ptg000001l-	3699966	3801399	14214707	99.76363	99.70742	98.83503	100874	239	26	31	630	320
chr22	11705131	11801666	51324926	+	ptg000001l-	3802753	3899321	14214707	99.84033	99.817566	99.634766	96298	154	12	10	83	116
chr22	11803712	11891620	51324926	+	ptg000001l-	3899321	3987119	14214707	99.811646	99.758125	99.24294	87437	165	27	20	306	196
chr22	11891620	11906127	51324926	+	ptg000001l-	4000471	4014988	14214707	99.763596	99.61813	97.99208	14348	34	10	11	125	135
chr22	11909184	11935387	51324926	+	ptg000001l-	4014988	4041083	14214707	99.80736	99.69981	98.33732	25905	50	13	15	248	140
chr22	11935387	12109632	51324926	+	ptg000001l-	4043392	4217641	14214707	99.82553	99.78933	99.16773	173368	303	24	39	574	578
chr22	12110144	12320139	51324926	+	ptg000001l-	4217641	4427739	14214707	99.839966	99.82095	99.757774	209624	336	14	26	35	138
chr22	12320139	12320354	51324926	+	ptg000001l-	4496145	4496363	14214707	90.69768	90.27778	89.44954	195	20	0	1	0	3
chr22	12320354	12320505	51324926	+	ptg000001l-	4497219	4497370	14214707	83.44371	83.44371	83.44371	126	25	0	0	0	0
chr22	12320505	12320646	51324926	+	ptg000001l-	4500276	4500417	14214707	89.3617	89.3617	89.3617	126	15	0	0	0	0
chr22	12320646	12320891	51324926	+	ptg000001l-	4502981	4503226	14214707	90.57377	89.837395	89.837395	221	23	1	1	1	1
chr22	12320891	12321158	51324926	+	ptg000001l-	4508015	4508282	14214707	89.51311	89.51311	89.51311	239	28	0	0	0	0
chr22	12321158	12467836	51324926	+	ptg000001l-	4509991	4656600	14214707	99.83956	99.802086	99.60495	146236	235	25	30	207	138
chr22	9877853	10140190	51324926	+	ptg000001l-	1991646	2253910	14214707	98.10954	98.04594	97.92457	257099	4954	90	80	284	211
chr22	10150464	10247472	51324926	+	ptg000001l-	2253910	2350913	14214707	98.571754	98.49825	97.51356	95104	1378	36	36	526	521
chr22	10255437	10743251	51324926	+	ptg000001l-	2350913	2837838	14214707	99.69667	99.64082	98.8479	483814	1472	143	129	2528	1639
chr22	10743941	10760502	51324926	+	ptg000001l-	2837838	2853289	14214707	93.27104	92.51234	80.96989	13875	1001	79	43	1685	575
chr22	10761932	10763480	51324926	+	ptg000001l-	2853289	2854822	14214707	99.34124	99.080154	96.481125	1508	10	2	2	30	15
chr22	10768630	10769256	51324926	+	ptg000001l-	2854822	2855073	14214707	94.82072	94.44444	38.01917	238	13	1	0	375	0
chr22	10776609	10780833	51324926	+	ptg000001l-	2855073	2859322	14214707	99.54371	99.28144	96.194016	4145	19	7	4	60	85
chr22	10780833	10857118	51324926	+	ptg000001l-	2860475	2937078	14214707	98.890495	98.62944	94.746414	73978	830	100	98	1477	1795
chr22	16157618	16178802	51324926	+	ptg000001l-	8800282	8821418	14214707	98.96199	98.79809	98.38375	20879	219	17	18	86	38
chr22	16181215	16198085	51324926	+	ptg000001l-	8821418	8838299	14214707	99.16331	99.07512	98.887505	16711	141	7	8	18	29
chr22	16240375	16305390	51324926	+	ptg000001l-	8838299	8903489	14214707	99.499344	99.42889	98.927864	64590	325	26	20	100	275
chr22	16305390	16518913	51324926	+	ptg000001l-	8911540	9124701	14214707	99.72717	99.69347	99.36509	212373	581	29	43	569	207
chr22	16520278	16520907	51324926	+	ptg000001l-	9124701	9125330	14214707	96.3434	96.3434	96.3434	606	23	0	0	0	0
chr22	16523286	16524917	51324926	+	ptg000001l-	9125330	9126962	14214707	96.07603	96.01716	96.01716	1567	64	0	1	0	1
chr22	16529342	16573276	51324926	+	ptg000001l-	9126962	9170560	14214707	99.62379	99.61465	98.83478	43428	164	1	3	342	6
chr22	16573957	16584170	51324926	+	ptg000001l-	9170560	9180774	14214707	99.83354	99.82377	99.82377	10196	17	0	1	0	1
chr22	16584170	16660405	51324926	+	ptg000001l-	9181457	9257356	14214707	99.86165	99.85244	99.40845	75789	105	2	5	341	5
chr22	16660405	16856045	51324926	+	ptg000001l-	9260993	9456515	14214707	99.59053	99.54819	99.132286	194331	799	40	43	510	392
chr22	16858762	16898403	51324926	+	ptg000001l-	9456515	9495492	14214707	99.27343	99.216995	96.12197	38394	281	14	8	966	302
chr22	16913674	16990521	51324926	+	ptg000001l-	9495492	9572081	14214707	99.60574	99.554886	98.64444	76045	301	25	14	501	243
chr22	15697948	16011008	51324926	+	ptg000001l-	8332496	8646490	14214707	99.73791	99.71687	99.31888	312047	820	36	30	193	1127
chr22	16011008	16157094	51324926	+	ptg000001l-	8647640	8793836	14214707	99.61022	99.5693	99.39235	145412	569	29	31	105	215
chr14	4299657	4299980	101161492	+	ptg000001l+	12752625	12752948	14214707	96.59443	96.59443	96.59443	312	11	0	0	0	0
chr14	4308197	4315435	101161492	+	ptg000001l+	12752948	12760260	14214707	98.009674	97.941986	96.9378	7091	144	3	2	3	77
chr14	4315435	4332049	101161492	+	ptg000001l+	12761693	12778444	14214707	97.90501	97.86376	97.06936	16263	348	2	5	3	140
chr14	4332049	4350932	101161492	+	ptg000001l+	12779671	12798444	14214707	98.455864	98.35602	97.29144	18427	289	8	11	167	57
chr14	4350932	4374375	101161492	+	ptg000001l+	12799234	12822130	14214707	98.93347	98.85138	96.475	22634	244	11	8	565	18
chr14	4374375	4678218	101161492	+	ptg000001l+	12831561	13133247	14214707	98.643845	98.524704	96.97847	296116	4071	174	189	3656	1499
chr14	4689973	4708202	101161492	+	ptg000001l+	13133247	13151816	14214707	92.85591	92.11125	83.664825	16195	1246	64	77	788	1128
chr22	12469083	12800156	51324926	+	ptg000001l-	4657897	4989066	14214707	99.69461	99.664444	99.2596	329388	1009	50	50	676	772
chr22	12800156	12816105	51324926	+	ptg000001l-	4990431	5006039	14214707	96.92288	96.85458	94.74245	15119	480	6	5	350	9
chr22	9561819	9566956	51324926	+	ptg000001l-	1588836	1593973	14214707	99.2992	99.2992	99.2992	5101	36	0	0	0	0
chr22	9566956	9572697	51324926	+	ptg000001l-	1596703	1602444	14214707	99.32068	99.32068	99.32068	5702	39	0	0	0	0
chr22	9572697	9578899	51324926	+	ptg000001l-	1603193	1609396	14214707	99.33892	99.32291	99.32291	6161	41	0	1	0	1
chr22	9578899	9686535	51324926	+	ptg000001l-	1610212	1717527	14214707	99.3397	99.31834	98.31991	106215	706	14	9	715	394
chr22	9689723	9695340	51324926	+	ptg000001l-	1717527	1722875	14214707	99.38966	98.95557	91.06956	5211	32	14	9	374	105
chr22	9695340	9698837	51324926	+	ptg000001l-	1726866	1730379	14214707	99.626114	99.511635	98.04698	3464	13	1	3	20	36
chr22	9698837	9785058	51324926	+	ptg000001l-	1732163	1818730	14214707	99.56601	99.48036	98.54101	85574	373	34	40	274	620
chr14	5020052	5021708	101161492	+	ptg000001l+	13362122	13363778	14214707	98.73189	98.73189	98.73189	1635	21	0	0	0	0
chr14	5026823	5056209	101161492	+	ptg000001l+	13363778	13393652	14214707	97.609604	97.52622	95.08628	28543	699	10	15	144	632
chr14	5057711	5058054	101161492	+	ptg000001l+	13393652	13393995	14214707	98.83382	98.83382	98.83382	339	4	0	0	0	0
chr14	5061083	5068371	101161492	+	ptg000001l+	13393995	13401495	14214707	97.59814	97.51783	94.788055	7111	175	1	5	2	214
chr14	5068919	5070012	101161492	+	ptg000001l+	13401495	13402248	14214707	86.702126	86.35761	59.597805	652	100	2	1	341	1
chr14	5077962	5089428	101161492	+	ptg000001l+	13402248	13413217	14214707	97.720436	97.6759	93.45134	10717	250	4	1	499	2
chr14	5092977	5107463	101161492	+	ptg000001l+	13413217	13427846	14214707	97.81708	97.7563	96.72792	14160	316	5	4	10	153
chr14	5107463	5119158	101161492	+	ptg000001l+	13434742	13446428	14214707	97.61212	97.545334	97.50363	11405	279	6	2	11	2
chr14	5119870	5127571	101161492	+	ptg000001l+	13446428	13453922	14214707	98.13159	98.066154	95.46871	7353	140	4	1	208	1
chr14	5127571	5141521	101161492	+	ptg000001l+	13455080	13468932	14214707	97.68488	97.592804	95.98517	13460	319	7	6	171	73
chr14	5147056	5180883	101161492	+	ptg000001l+	13468932	13502730	14214707	97.623245	97.562065	95.78426	32695	796	10	11	336	307
chr14	5182722	5191046	101161492	+	ptg000001l+	13502730	13510640	14214707	97.26928	97.171005	92.431526	7694	216	8	0	414	0
chr14	5192274	5201359	101161492	+	ptg000001l+	13510640	13519704	14214707	97.7242	97.60324	93.54038	8674	202	4	7	209	188
chr14	5202518	5211967	101161492	+	ptg000001l+	13519704	13529159	14214707	97.65005	97.57774	97.54679	9225	222	2	5	2	8
chr14	5239239	5245460	101161492	+	ptg000001l+	13529159	13535380	14214707	97.50844	97.50844	97.50844	6066	155	0	0	0	0
chr14	5246686	5262196	101161492	+	ptg000001l+	13535380	13550759	14214707	97.64006	97.54441	95.79272	14936	361	7	8	213	82
chr14	5264040	5264224	101161492	+	ptg000001l+	13550759	13550943	14214707	99.45652	99.45652	99.45652	183	1	0	0	0	0
chr14	5266339	5276170	101161492	+	ptg000001l+	13550943	13561002	14214707	97.70068	97.641075	95.44777	9603	226	2	4	2	230
chr14	5276170	5281524	101161492	+	ptg000001l+	13562095	13567362	14214707	97.66382	97.55264	96.00448	5142	123	4	2	89	2
chr14	5281524	5330183	101161492	+	ptg000001l+	13603895	13652787	14214707	97.95542	97.892624	96.154625	47335	988	19	12	336	569
chr14	5332495	5341902	101161492	+	ptg000001l+	13652787	13662297	14214707	97.69149	97.598045	96.49049	9183	217	6	3	7	110
chr1	127769451	127826286	248387328	+	ptg000001l+	12228658	12285632	14214707	97.9199	97.775	97.15031	55501	1179	38	46	155	294
chr1	127826902	127874563	248387328	+	ptg000001l+	12285632	12333330	14214707	98.6739	98.5786	98.27528	46952	631	24	22	78	115
chr1	127882128	127945793	248387328	+	ptg000001l+	12333330	12395977	14214707	98.20899	98.06119	95.78544	61250	1117	50	44	1298	280
chr14	5554530	5556433	101161492	+	ptg000001l+	13932316	13934216	14214707	97.85867	97.44137	94.47028	1828	40	5	3	35	32
chr14	5557840	5767789	101161492	+	ptg000001l+	13934216	14143934	14214707	98.466064	98.30649	96.9661	205029	3194	157	181	1726	1495
chr22	15308162	15356834	51324926	+	ptg000001l-	7292652	7341327	14214707	97.74403	97.73399	97.73399	47573	1098	1	4	1	4
chr22	15358198	15362290	51324926	+	ptg000001l-	7341327	7345418	14214707	97.9956	97.97165	97.97165	4009	82	1	0	1	0
chr22	15363654	15370184	51324926	+	ptg000001l-	7345418	7352289	14214707	98.2999	98.26979	93.39348	6418	111	1	1	1	342
chr22	15370868	15391614	51324926	+	ptg000001l-	7352289	7373039	14214707	97.69583	97.66758	97.66758	20267	478	1	5	1	5
chr22	15395703	15428352	51324926	+	ptg000001l-	7373039	7405678	14214707	97.707985	97.6601	97.65412	31887	748	12	4	14	4
chr22	15429032	15455046	51324926	+	ptg000001l-	7405678	7431691	14214707	97.789566	97.785805	97.785805	25438	575	1	0	1	0
chr22	15455046	15456249	51324926	+	ptg000001l-	7432369	7433572	14214707	98.00499	98.00499	98.00499	1179	24	0	0	0	0
chr22	9404163	9429981	51324926	-	ptg000001l-	1562928	1588836	14214707	99.28314	99.25237	98.854126	25622	185	3	5	11	101
chr22	9429981	9446975	51324926	-	ptg000001l-	1544225	1561221	14214707	99.26149	99.23218	98.45874	16801	125	2	3	68	70
chr22	9463778	9529088	51324926	-	ptg000001l-	1478904	1544225	14214707	99.27036	99.252106	99.035065	64762	476	5	7	72	83
chr22	9539725	9556547	51324926	-	ptg000001l-	1462082	1478904	14214707	99.35795	99.34613	99.34613	16713	108	1	1	1	1
chr22	15562281	15665469	51324926	+	ptg000001l-	6577431	6681284	14214707	97.73424	97.68499	97.0259	100807	2337	33	19	44	709
chr22	15277696	15300516	51324926	+	ptg000001l-	7634664	7657313	14214707	98.51208	98.50773	97.77388	22312	337	1	0	171	0
chr22	15300516	15344051	51324926	+	ptg000001l-	7658677	7702216	14214707	98.13024	98.12122	98.12122	42721	814	0	4	0	4
chr14	4914285	4916717	101161492	+	ptg000001l+	13243604	13245781	14214707	98.24642	98.020256	87.18264	2129	38	3	2	265	10
chr14	4916717	4978140	101161492	+	ptg000001l+	13246514	13307971	14214707	98.53112	98.367	97.55769	60237	898	48	54	288	322
chr14	4994088	5008186	101161492	+	ptg000001l+	13307971	13321996	14214707	98.07459	98.032646	97.53901	13753	270	4	2	75	2
chr22	15409979	15428367	51324926	+	ptg000001l-	6427977	6446367	14214707	98.259735	98.24905	98.24905	18068	320	0	2	0	2
chr22	15429047	15480221	51324926	+	ptg000001l-	6446367	6497497	14214707	97.920944	97.90754	97.832924	50066	1063	6	1	45	1
chr22	15284843	15316548	51324926	+	ptg000001l-	6303345	6334880	14214707	98.617325	98.60481	98.07613	31097	436	2	2	172	2
chr22	15316548	15324215	51324926	+	ptg000001l-	6336244	6343911	14214707	98.35659	98.35659	98.35659	7541	126	0	0	0	0
chr22	15325578	15358072	51324926	+	ptg000001l-	6343911	6376406	14214707	97.87339	97.86435	97.86435	31802	691	1	2	1	2
chr22	14988785	15000684	51324926	+	ptg000001l-	5006039	5017940	14214707	97.34342	97.29434	97.26166	11579	316	2	4	4	6
chr22	15001704	15006867	51324926	+	ptg000001l-	5017940	5023104	14214707	96.31854	96.24395	96.22532	4971	190	2	2	2	3
chr22	15006867	15038771	51324926	+	ptg000001l-	5024466	5056019	14214707	97.23095	97.171776	94.05673	30338	864	14	5	702	351
chr21	6001963	6005715	45090682	+	ptg000001l-	460899	464644	14214707	97.432434	97.22222	94.943375	3605	95	5	3	52	45
chr21	6015877	6047793	45090682	+	ptg000001l-	464644	496339	14214707	96.32469	96.15409	94.86099	30402	1160	31	25	354	133
chr22	14891109	14915025	51324926	+	ptg000001l-	7259899	7283828	14214707	97.34058	97.31616	97.279564	23279	636	1	5	1	14
chr22	14916385	14920210	51324926	+	ptg000001l-	7283828	7287653	14214707	97.69935	97.69935	97.69935	3737	88	0	0	0	0
chr22	14921570	14926567	51324926	+	ptg000001l-	7287653	7292652	14214707	97.617615	97.55902	97.5005	4876	119	2	1	2	4
chr22	15177842	15251843	51324926	+	ptg000001l-	6195635	6269314	14214707	98.29625	98.262115	93.41266	70733	1226	12	13	2042	1720
chr1	128616574	128647268	248387328	+	ptg000001l+	13753829	13784452	14214707	97.02867	96.71118	92.054665	28965	887	51	47	842	771
chr1	128647268	128671611	248387328	+	ptg000001l+	13787390	13810995	14214707	95.73566	95.181984	87.262794	21889	975	91	42	1479	741
chr1	128678524	128694349	248387328	+	ptg000001l+	13810995	13826932	14214707	97.02675	96.63779	91.36814	14946	458	29	33	421	533
chr1	128695360	128695454	248387328	+	ptg000001l+	13826932	13827026	14214707	88.297874	88.297874	88.297874	83	11	0	0	0	0
chr1	128696049	128707186	248387328	+	ptg000001l+	13827026	13838202	14214707	96.89412	96.44932	88.081795	10295	330	25	24	512	551
chr22	15395193	15428367	51324926	+	ptg000001l-	7753023	7786203	14214707	97.953156	97.929535	97.929535	32494	679	1	7	1	7
chr22	15429047	15435943	51324926	+	ptg000001l-	7786203	7793100	14214707	97.76682	97.75265	97.75265	6742	154	0	1	0	1
chr22	15436627	15467261	51324926	+	ptg000001l-	7793100	7823731	14214707	97.96598	97.943596	97.943596	30006	623	5	2	5	2
chr22	15347229	15370184	51324926	+	ptg000001l-	5885793	5909086	14214707	98.1308	98.10943	96.67339	22522	429	4	1	4	342
chr22	15370868	15407251	51324926	+	ptg000001l-	5909086	5945478	14214707	98.0237	97.98868	97.98868	35662	719	2	11	2	11
chr22	15184059	15243911	51324926	+	ptg000001l-	6802147	6860991	14214707	98.295494	98.270294	95.5003	57495	997	6	9	1360	352
chr21	6266545	6272032	45090682	+	ptg000001l-	852585	858061	14214707	97.15121	97.09801	96.95644	5320	156	3	0	11	0
chr21	6273452	6273572	45090682	+	ptg000001l-	858061	858181	14214707	89.166664	89.166664	89.166664	107	13	0	0	0	0
chr21	6275144	6275634	45090682	+	ptg000001l-	858181	858670	14214707	82.5462	81.70731	81.70731	402	85	3	2	3	2
chr21	6277331	6277410	45090682	+	ptg000001l-	858670	858746	14214707	82.89474	81.818184	79.74683	63	13	1	0	3	0
chr21	6278709	6282661	45090682	+	ptg000001l-	858746	862705	14214707	96.6076	96.53428	96.33931	3816	134	1	2	2	9
chr21	6282661	6311981	45090682	+	ptg000001l-	863385	892711	14214707	97.80457	97.744125	96.36764	28467	639	10	8	214	220
chr22	14951557	14951645	51324926	+	ptg000001l-	5056019	5056107	14214707	97.72727	97.72727	97.72727	86	2	0	0	0	0
chr22	14952667	14969003	51324926	+	ptg000001l-	5056107	5072110	14214707	96.89161	96.794754	94.7523	15492	497	6	10	347	14
chr22	14969003	14987324	51324926	+	ptg000001l-	5072621	5090630	14214707	96.64015	96.53275	94.66027	17373	604	6	14	344	32
chr22	15144885	15148386	51324926	+	ptg000001l-	7148616	7152459	14214707	98.486145	98.45802	89.72157	3448	53	0	1	0	342
chr22	15149408	15178197	51324926	+	ptg000001l-	7152459	7181256	14214707	98.631424	98.607445	98.60402	28395	394	0	7	0	8
chr22	15358072	15370184	51324926	+	ptg000001l-	6376406	6388856	14214707	98.10869	98.09248	95.38301	11879	229	1	1	4	342
chr22	15370868	15409979	51324926	+	ptg000001l-	6388856	6427977	14214707	97.96732	97.94228	97.94228	38316	795	0	10	0	10
chr22	15657730	15713853	51324926	+	ptg000001l-	8047805	8103775	14214707	96.97598	96.892815	96.53577	54228	1691	27	21	204	51
chr22	15320418	15370184	51324926	+	ptg000001l-	6937342	6987451	14214707	97.918175	97.90637	97.24013	48728	1036	2	4	2	345
chr22	15370868	15372819	51324926	+	ptg000001l-	6987451	6989403	14214707	98.41107	98.36066	98.36066	1920	31	0	1	0	1
chr22	15265274	15269768	51324926	+	ptg000001l-	6882020	6886857	14214707	97.975075	97.931496	91.0275	4403	91	0	2	0	343
chr22	15270448	15315367	51324926	+	ptg000001l-	6886857	6932291	14214707	98.49826	98.48725	96.6473	44076	672	1	4	171	686
chr22	15629884	15654115	51324926	+	ptg000001l-	7203070	7227302	14214707	98.14257	98.11017	98.106125	23777	450	4	4	4	5
chr22	15498292	15513339	51324926	+	ptg000001l-	7079989	7095038	14214707	98.11246	98.08638	98.08638	14762	284	1	3	1	3
chr22	15513339	15528910	51324926	+	ptg000001l-	7095719	7111287	14214707	98.11139	98.07989	98.07989	15273	294	4	1	4	1
chr22	15529594	15529909	51324926	+	ptg000001l-	7111287	7111602	14214707	99.36508	99.36508	99.36508	313	2	0	0	0	0
chr22	15178273	15200324	51324926	+	ptg000001l-	7557722	7580117	14214707	98.59864	98.57629	97.07537	21741	309	1	4	1	345
chr22	15201687	15224480	51324926	+	ptg000001l-	7580117	7603596	14214707	98.323975	98.30241	95.44293	22410	382	1	4	1	687
chr14	5347790	5352908	101161492	+	ptg000001l+	13665868	13670907	14214707	97.75749	97.699326	96.248535	4926	113	3	0	79	0
chr14	5354968	5355248	101161492	+	ptg000001l+	13670907	13671185	14214707	95.68346	95.3405	95	266	12	1	0	2	0
chr14	5356677	5399093	101161492	+	ptg000001l+	13671185	13714098	14214707	97.62144	97.549286	94.25518	40919	997	10	21	500	997
chr14	5399093	5399192	101161492	+	ptg000001l+	13718271	13718368	14214707	82.47423	80.80808	80.80808	80	17	2	0	2	0
chr14	12312039	12337405	101161492	-	ptg000001l+	8890456	8915828	14214707	98.300476	98.23075	98.23075	24929	431	6	12	6	12
chr22	16992406	17001747	51324926	+	ptg000001l-	9573914	9583299	14214707	99.02035	98.97772	97.467415	9198	91	2	2	52	96
chr22	17003040	17015510	51324926	+	ptg000001l-	9583299	9595611	14214707	98.94412	98.90395	97.69046	12182	130	5	0	158	0
chr22	17016370	17039073	51324926	+	ptg000001l-	9595611	9618624	14214707	98.760124	98.40445	90.4732	21586	271	44	35	846	1156
chr14	5473584	5473620	101161492	+	ptg000001l+	13838272	13838308	14214707	91.666664	91.666664	91.666664	33	3	0	0	0	0
chr14	5473620	5474456	101161492	+	ptg000001l+	13843522	13844388	14214707	97.96651	97.849464	94.57275	819	17	0	1	0	30
chr14	5474456	5487052	101161492	+	ptg000001l+	13848045	13860406	14214707	97.722115	97.40282	89.019905	11626	271	20	19	699	464
chr14	12256087	12298344	101161492	-	ptg000001l+	6725854	6767750	14214707	98.50105	98.48225	97.65956	41268	628	8	0	361	0
chr22	15006005	15042277	51324926	+	ptg000001l-	7976306	8012585	14214707	97.86325	97.84976	97.83358	35495	775	1	4	2	9
chr14	11274357	11315012	101161492	-	ptg000001l+	8368165	8408820	14214707	98.66929	98.66929	98.66929	40114	541	0	0	0	0
chr14	11275285	11316136	101161492	-	ptg000001l+	8087435	8128281	14214707	98.572655	98.55576	98.55576	40262	583	6	1	6	1
chr14	10852302	10891345	101161492	-	ptg000001l+	8782210	8821301	14214707	98.46067	98.43042	98.339775	38442	601	0	12	0	48
chr22	15311317	15350312	51324926	+	ptg000001l-	7702216	7741214	14214707	97.94589	97.938354	97.938354	38194	801	0	3	0	3
chr14	10777629	10809528	101161492	-	ptg000001l+	8517202	8548945	14214707	98.33538	98.30439	97.706985	31191	528	4	6	180	24
chr22	15135224	15174213	51324926	+	ptg000001l-	8130440	8170449	14214707	98.18364	98.14587	95.63207	38271	708	7	8	10	1030
chr22	14381363	14419313	51324926	+	ptg000001l-	6750995	6788776	14214707	98.65262	98.634346	98.19255	37268	509	3	4	173	4
chr22	14152244	14189260	51324926	+	ptg000001l-	7111602	7148616	14214707	98.55448	98.54383	98.53319	36476	535	2	2	5	3
chr21	5867066	5885779	45090682	+	ptg000001l-	310503	329246	14214707	98.050125	97.689606	92.22838	17801	354	33	34	558	588
chr21	5885779	5908936	45090682	+	ptg000001l-	330907	353748	14214707	97.83596	97.54495	93.339	21972	486	38	29	699	383
chr14	10406453	10434339	101161492	-	ptg000001l+	8861616	8889496	14214707	98.35366	98.3325	98.3325	27421	459	6	0	6	0
chr14	10679287	10702291	101161492	-	ptg000001l+	8612010	8635031	14214707	98.269035	98.21778	98.10264	22595	398	5	7	11	28
chr22	15513864	15529147	51324926	+	ptg000001l-	7879073	7894343	14214707	97.779816	97.71582	97.68385	14930	339	9	1	14	1
chr22	15529147	15536413	51324926	+	ptg000001l-	7895022	7902281	14214707	97.78176	97.70099	97.66066	7097	161	5	1	8	1
chr22	15537097	15542789	51324926	+	ptg000001l-	7902281	7907968	14214707	97.713684	97.62783	97.59354	5556	130	4	1	6	1
chr22	15542789	15546135	51324926	+	ptg000001l-	7908647	7911994	14214707	97.758514	97.72931	97.72931	3271	75	0	1	0	1
chr22	15637378	15658019	51324926	+	ptg000001l-	7824963	7845609	14214707	98.415695	98.3871	98.38233	20313	327	1	5	1	6
chr22	15658703	15661483	51324926	+	ptg000001l-	7845609	7848389	14214707	98.20144	98.20144	98.20144	2730	50	0	0	0	0
chr22	15441335	15457556	51324926	+	ptg000001l-	7618443	7634664	14214707	98.00259	98.00259	98.00259	15897	324	0	0	0	0
chr14	11479313	11513341	101161492	-	ptg000001l+	7911362	7945393	14214707	98.90972	98.901	98.901	33657	371	0	3	0	3
chr22	15331898	15347229	51324926	+	ptg000001l-	5870463	5885793	14214707	97.95159	97.93243	97.93243	15015	314	2	1	2	1
chr14	10676233	10711434	101161492	-	ptg000001l+	8949960	8985189	14214707	98.41446	98.369736	98.291565	34635	558	7	9	8	36
chr22	15488585	15488622	51324926	+	ptg000001l-	7848389	7848426	14214707	94.5946	94.5946	94.5946	35	2	0	0	0	0
chr22	15488622	15493342	51324926	+	ptg000001l-	7849069	7853788	14214707	98.47425	98.45339	98.45339	4647	72	1	0	1	0
chr22	15494026	15519320	51324926	+	ptg000001l-	7853788	7879073	14214707	97.86805	97.82162	97.81002	24743	539	9	3	12	3
chr22	15245800	15248291	51324926	+	ptg000001l-	7603783	7606274	14214707	98.514656	98.514656	98.514656	2454	37	0	0	0	0
chr22	15248971	15260800	51324926	+	ptg000001l-	7606274	7618443	14214707	98.49497	98.47832	95.71111	11649	178	1	1	2	342
chr22	14885075	14917627	51324926	+	ptg000001l-	5956603	5989173	14214707	98.00934	97.99128	97.95517	31904	648	0	6	0	18
chr22	12967486	13003718	51324926	+	ptg000001l-	5169746	5205661	14214707	97.47806	97.4129	96.464615	34980	905	6	18	347	30
chr14	11178250	11211752	101161492	-	ptg000001l+	8483710	8517202	14214707	98.429474	98.40009	98.40009	32966	526	10	0	10	0
chr22	15192042	15217480	51324926	+	ptg000001l-	7532622	7557722	14214707	98.394104	98.37058	97.0483	24692	403	2	4	343	5
chr22	15307980	15331898	51324926	+	ptg000001l-	5846542	5870463	14214707	98.21474	98.202415	98.202415	23491	427	0	3	0	3
chr22	12921374	12957144	51324926	+	ptg000001l-	5116784	5152573	14214707	97.24855	97.196915	97.1589	34779	984	6	13	7	26
chr14	10796662	10809815	101161492	-	ptg000001l+	8470548	8483710	14214707	98.24335	98.19854	98.13141	12919	231	3	3	3	12
chr14	12362156	12393315	101161492	-	ptg000001l+	8830450	8861616	14214707	98.49146	98.450386	98.450386	30686	470	3	10	3	10
chr22	15580773	15612827	51324926	+	ptg000001l-	7944249	7976306	14214707	97.98421	97.94142	97.93226	31401	646	7	7	7	10
chr14	12335587	12350591	101161492	-	ptg000001l+	7506106	7521097	14214707	98.66586	98.63955	98.580376	14791	200	4	0	13	0
chr14	12313999	12344831	101161492	-	ptg000001l+	6682085	6712917	14214707	98.59191	98.527985	98.527985	30388	434	10	10	10	10
chr22	15479438	15499656	51324926	+	ptg000001l-	7059846	7079989	14214707	98.15817	98.143555	97.794044	19772	371	3	0	75	0
chr22	13422517	13451690	51324926	+	ptg000001l-	5602697	5631862	14214707	98.700455	98.66662	98.66662	28785	379	9	1	9	1
chr14	10357193	10386935	101161492	-	ptg000001l+	8915828	8945911	14214707	97.440895	97.40487	96.30418	28976	761	4	7	5	346
chr14	10968071	10995082	101161492	-	ptg000001l+	7479035	7506106	14214707	98.36709	98.33796	98.12003	26566	441	4	4	4	64
chr14	11284488	11294661	101161492	-	ptg000001l+	7521097	7531262	14214707	98.43581	98.41644	98.3584	10006	159	2	0	8	0
chr22	15313109	15326045	51324926	+	ptg000001l-	7488853	7501790	14214707	98.229744	98.22215	98.22215	12707	229	0	1	0	1
chr22	15299215	15326773	51324926	+	ptg000001l-	5989173	6016734	14214707	98.44685	98.42899	98.42899	27129	428	1	4	1	4
chr22	15403739	15417129	51324926	+	ptg000001l-	7433572	7446957	14214707	97.96787	97.95324	97.93129	13113	272	2	0	5	0
chr22	15183311	15205121	51324926	+	ptg000001l-	7181256	7203070	14214707	98.50069	98.48263	98.48263	21483	327	0	4	0	4
chr22	15315092	15342298	51324926	+	ptg000001l-	7227302	7254503	14214707	97.83448	97.812904	97.80212	26610	589	4	2	7	2
chr22	14875091	14903711	51324926	+	ptg000001l-	8208422	8236359	14214707	98.10605	98.07094	95.72417	27402	529	7	3	689	6
chr22	15299191	15326617	51324926	+	ptg000001l-	5546077	5573507	14214707	98.36287	98.348526	98.348526	26977	449	0	4	0	4
chr22	13964697	13992876	51324926	+	ptg000001l-	6143711	6171895	14214707	97.85301	97.835655	97.835655	27574	605	0	5	0	5
chr14	2803659	3307008	101161492	+	ptg000002l-	0	503436	1232304	99.92981	99.90558	99.75072	502588	353	56	66	408	495
chr14	3332660	3602151	101161492	+	ptg000002l-	503436	773411	1232304	99.652695	99.594925	99.06113	267996	934	78	78	561	1045
chr14	3602151	3602366	101161492	+	ptg000002l-	774517	774732	1232304	98.60465	98.60465	98.60465	212	3	0	0	0	0
chr14	3602366	3686986	101161492	+	ptg000002l-	778771	864055	1232304	93.1397	92.630035	89.84413	77699	5723	236	223	1198	1862
chr4	49260353	49323468	193574945	+	ptg000002l+	4936	69156	1232304	98.106834	97.96633	95.32539	61564	1188	54	36	363	1468
chr4	49371381	49409258	193574945	+	ptg000002l+	69156	106886	1232304	95.735886	95.47872	94.20594	35900	1599	60	41	378	231
chr4	49409988	49445149	193574945	+	ptg000002l+	106886	143304	1232304	95.882034	95.610214	90.83959	33389	1434	59	40	338	1595
chr4	49453504	49458204	193574945	+	ptg000002l+	143304	147939	1232304	92.30266	91.96176	89.13455	4233	353	7	10	114	49
